fish 911 2 1 15
fish -229 2 1 15
fish -1309 1 1 15
fish -1759 2 1 15
fish -2089 3 1 15
fish -2749 2 1 15
fish -3124 1 1 15
fish -4399 2 1 15
fish -4684 1 1 15
fish -5794 2 1 15
fish -6094 1 1 15
fish -7564 3 1 15
fish -7939 1 1 15
fish -9394 2 1 15
fish -10114 3 1 15
fish -10804 2 1 15
fish -11164 2 1 15
fish -11479 2 1 15
fish -11824 2 1 15
fish -12139 2 1 15
fish -12529 2 1 15
fish -12709 2 1 15
fish -12904 2 1 15
fish -13084 2 1 15
fish -13264 2 1 15
fish -13639 2 1 15
fish -13864 2 1 15
fish -14044 2 1 15
28 0 228