fish 110 2 1 9
fish -88 2 1 9
fish -259 2 1 9
fish -493 2 1 9
fish -592 2 1 9
fish -835 2 1 9
fish -1177 2 1 9
fish -1420 2 1 9
fish -1672 2 1 9
fish -1843 2 1 9
fish -2131 1 1 9
fish -2230 1 1 9
fish -2509 2 1 9
fish -2707 2 1 9
fish -2986 3 1 9
fish -3328 3 1 9
fish -3427 3 1 9
fish -3616 3 1 9
fish -3814 3 1 9
fish -4453 2 1 9
fish -4552 2 1 9
fish -4687 2 1 9
fish -4876 2 1 9
fish -5038 2 1 9
fish -5254 1 1 9
fish -5389 1 1 9
fish -5488 1 1 9
fish -5677 1 1 9
fish -5866 1 1 9
fish -6064 1 1 9
fish -6280 2 1 9
fish -6586 3 1 9
fish -6703 3 1 9
fish -6928 2 1 9
fish -7117 3 1 9
fish -7693 2 1 9
fish -7891 3 1 9
fish -8161 1 1 9
fish -8467 2 1 9
fish -8683 3 1 9
fish -8935 2 1 9
fish -9142 1 1 9
fish -9331 2 1 9
fish -9565 3 1 9
fish -9817 2 1 9
fish -9925 2 1 9
fish -10042 2 1 9
fish -10159 2 1 9
fish -10258 2 1 9
fish -10375 2 1 9
fish -10573 2 1 9
fish -10690 2 1 9
fish -10807 2 1 9
fish -10933 2 1 9
fish -11050 2 1 9
fish -11185 1 1 9
fish -11527 2 1 9
fish -11743 1 1 9
fish -11950 2 1 9
fish -12274 3 1 9
fish -12463 2 1 9
fish -12643 1 1 9
fish -12805 2 1 9
fish -13102 2 1 9
fish -13201 2 1 9
fish -13309 2 1 9
fish -13426 2 1 9
fish -13534 2 1 9
fish -14218 2 1 9
fish -14335 2 1 9
fish -14434 2 1 9
fish -14632 1 1 9
fish -14821 1 1 9
fish -15010 1 1 9
fish -15226 1 1 9
fish -15397 1 1 9
fish -15640 2 1 9
fish -15775 2 1 9
fish -15937 2 1 9
fish -16117 2 1 9
fish -16369 3 1 9
fish -16486 3 1 9
fish -16594 3 1 9
fish -16756 3 1 9
fish -16918 3 1 9
fish -17125 2 1 9
fish -17242 2 1 9
fish -17422 2 1 9
fish -17557 2 1 9
fish -17710 1 1 9
fish -17836 1 1 9
fish -18079 2 1 9
fish -18250 2 1 9
fish -18475 2 1 9
fish -18817 2 1 9
fish -19006 2 1 9
fish -19177 2 1 9
fish -19375 2 1 9
fish -19582 2 1 9
fish -19681 2 1 9
fish -19861 2 1 9
fish -20041 2 1 9
fish -20212 2 1 9
fish -20410 2 1 9
fish -20527 2 1 9
fish -20725 2 1 9
fish -20869 2 1 9
fish -21094 2 1 9
fish -21202 2 1 9
fish -21301 2 1 9
fish -21409 2 1 9
fish -21526 2 1 9
fish -21643 2 1 9
fish -21742 2 1 9
fish -21958 2 1 9
fish -22147 2 1 9
fish -22408 1 1 9
fish -22552 2 1 9
fish -22660 2 1 9
fish -22759 2 1 9
fish -22939 3 1 9
fish -23119 3 1 9
fish -23443 2 1 9
fish -23569 2 1 9
fish -23677 2 1 9
fish -23821 1 1 9
fish -23965 2 1 9
fish -24091 2 1 9
fish -24334 3 1 9
fish -24451 3 1 9
fish -24622 2 1 9
fish -24766 2 1 9
fish -24964 2 1 9
fish -25549 1 1 9
fish -25657 1 1 9
fish -25774 1 1 9
fish -25891 1 1 9
fish -25999 1 1 9
fish -26134 1 1 9
fish -26224 1 1 9
fish -26350 1 1 9
fish -26692 2 1 9
fish -26800 2 1 9
fish -26971 3 1 9
fish -27430 2 1 9
fish -27547 2 1 9
fish -27655 2 1 9
fish -27808 1 1 9
fish -27961 2 1 9
fish -28087 2 1 9
fish -28222 3 1 9
fish -28618 2 1 9
fish -28726 2 1 9
fish -28834 2 1 9
fish -29023 2 1 9
fish -29239 2 1 9
fish -29428 2 1 9
fish -29554 2 1 9
fish -29662 2 1 9
fish -29779 2 1 9
fish -29869 2 1 9
fish -30058 2 1 9
fish -30481 2 1 9
fish -30607 2 1 9
fish -30706 2 1 9
fish -30868 2 1 9
fish -30985 2 1 9
fish -31093 2 1 9
fish -31219 2 1 9
fish -31318 2 1 9
fish -31462 2 1 9
fish -31696 2 1 9
fish -31912 2 1 9
fish -32110 2 1 9
fish -32236 2 1 9
fish -32326 2 1 9
fish -32452 2 1 9
fish -32551 2 1 9
fish -32668 2 1 9
fish -32767 2 1 9
fish -32893 2 1 9
fish -33208 1 1 9
fish -33316 1 1 9
fish -33541 2 1 9
fish -33739 2 1 9
fish -33847 2 1 9
fish -33946 2 1 9
fish -34054 2 1 9
fish -34162 2 1 9
fish -34270 2 1 9
fish -34387 2 1 9
fish -34495 2 1 9
fish -34603 2 1 9
fish -34747 2 1 9
fish -35368 2 1 9
fish -35476 2 1 9
fish -35584 2 1 9
fish -35701 2 1 9
fish -35800 2 1 9
fish -35917 2 1 9
fish -36025 2 1 9
fish -36142 2 1 9
fish -36250 2 1 9
fish -36367 2 1 9
fish -36952 3 1 9
fish -37051 3 1 9
fish -37159 3 1 9
fish -37267 3 1 9
fish -37384 3 1 9
fish -37501 3 1 9
fish -37609 3 1 9
fish -37726 3 1 9
fish -37834 3 1 9
fish -37978 3 1 9
fish -38383 2 1 9
fish -38689 1 1 9
fish -38905 2 1 9
fish -39013 2 1 9
fish -39130 3 1 9
fish -39391 2 1 9
fish -39598 2 1 9
fish -39904 2 1 9
fish -40003 2 1 9
fish -40201 2 1 9
fish -40309 2 1 9
fish -40426 2 1 9
fish -40606 2 1 9
fish -40831 2 1 9
fish -41047 2 1 9
fish -41245 2 1 9
fish -41389 2 1 9
fish -41569 2 1 9
fish -41695 2 1 9
fish -41803 2 1 9
fish -41920 2 1 9
fish -42028 2 1 9
fish -42226 2 1 9
fish -42451 1 1 9
fish -42622 2 1 9
fish -42847 3 1 9
fish -43126 2 1 9
fish -43234 2 1 9
fish -43342 2 1 9
fish -43450 1 1 9
fish -43594 1 1 9
fish -43720 2 1 9
fish -43864 2 1 9
fish -43990 3 1 9
fish -44143 2 1 9
fish -44287 1 1 9
fish -44413 2 1 9
fish -44539 3 1 9
fish -44656 3 1 9
fish -44764 2 1 9
fish -44872 1 1 9
fish -44980 2 1 9
fish -45097 3 1 9
fish -45232 3 1 9
fish -45376 3 1 9
fish -45493 2 1 9
fish -45610 1 1 9
fish -45925 2 1 9
fish -46033 2 1 9
fish -46123 2 1 9
fish -46312 2 1 9
fish -46510 2 1 9
fish -46807 3 1 9
fish -46915 3 1 9
fish -47041 1 1 9
fish -47149 1 1 9
fish -47302 2 1 9
fish -47572 2 1 9
fish -47734 3 1 9
fish -47941 3 1 9
fish -48121 2 1 9
fish -48364 1 1 9
fish -48481 1 1 9
fish -48706 2 1 9
fish -48940 2 1 9
fish -49156 2 1 9
fish -49363 2 1 9
fish -49714 3 1 9
fish -49858 2 1 9
fish -49966 2 1 9
fish -50137 1 1 9
fish -50371 2 1 9
fish -50497 2 1 9
fish -50641 1 1 9
fish -50794 2 1 9
fish -50920 3 1 9
fish -51055 2 1 9
fish -51181 1 1 9
fish -51307 2 1 9
fish -51433 3 1 9
fish -51577 2 1 9
fish -51730 1 1 9
fish -51874 2 1 9
fish -52189 1 1 9
fish -52351 1 1 9
fish -52522 1 1 9
fish -52693 1 1 9
fish -52936 2 1 9
fish -53026 2 1 9
fish -53179 2 1 9
fish -53332 2 1 9
fish -53494 2 1 9
fish -53701 1 1 9
fish -53809 1 1 9
fish -53989 1 1 9
fish -54133 1 1 9
fish -54349 2 1 9
fish -54493 3 1 9
fish -54619 3 1 9
fish -54835 3 1 9
fish -55033 3 1 9
fish -55339 2 1 9
fish -55465 2 1 9
fish -55618 2 1 9
fish -55789 2 1 9
fish -55969 2 1 9
fish -56194 1 1 9
fish -56302 1 1 9
fish -56446 1 1 9
fish -56590 1 1 9
fish -56788 2 1 9
fish -56905 3 1 9
fish -57013 3 1 9
fish -57139 2 1 9
fish -57274 3 1 9
fish -57382 3 1 9
fish -57517 2 1 9
fish -57643 3 1 9
fish -57769 3 1 9
fish -57886 2 1 9
fish -58309 2 1 9
fish -58498 2 1 9
fish -58606 2 1 9
fish -58975 2 1 9
fish -59074 2 1 9
fish -59173 2 1 9
fish -59272 2 1 9
fish -59389 2 1 9
fish -59506 2 1 9
fish -59704 2 1 9
fish -60055 2 1 9
fish -60163 2 1 9
fish -60280 2 1 9
fish -60397 2 1 9
fish -60514 2 1 9
fish -60631 2 1 9
fish -60757 2 1 9
fish -60874 2 1 9
fish -60982 2 1 9
fish -61108 2 1 9
fish -61243 2 1 9
fish -61540 2 1 9
fish -62170 2 1 9
fish -62269 2 1 9
fish -62386 2 1 9
fish -62494 2 1 9
fish -62602 2 1 9
fish -62719 2 1 9
fish -62836 2 1 9
fish -62962 2 1 9
fish -63295 1 1 9
fish -63538 2 1 9
fish -63763 2 1 9
fish -63880 2 1 9
fish -63997 2 1 9
fish -64132 2 1 9
fish -64249 2 1 9
fish -64375 2 1 9
fish -64492 2 1 9
fish -64618 2 1 9
fish -64735 2 1 9
fish -64834 2 1 9
fish -65212 2 1 9
fish -65320 2 1 9
fish -65437 2 1 9
fish -65608 2 1 9
fish -65824 2 1 9
fish -66022 2 1 9
fish -66139 2 1 9
fish -66247 2 1 9
fish -66355 2 1 9
fish -66454 2 1 9
fish -66643 2 1 9
fish -67048 2 1 9
fish -67165 2 1 9
fish -67255 2 1 9
fish -67381 2 1 9
fish -67480 2 1 9
fish -67597 2 1 9
fish -67714 2 1 9
fish -67822 2 1 9
fish -67939 2 1 9
fish -68065 2 1 9
fish -68272 2 1 9
fish -68461 2 1 9
fish -68713 3 1 9
fish -68875 2 1 9
fish -68983 2 1 9
fish -69109 2 1 9
fish -69226 2 1 9
fish -69343 2 1 9
fish -69469 1 1 9
fish -69820 2 1 9
fish -69919 2 1 9
fish -70099 2 1 9
fish -70288 2 1 9
fish -70405 2 1 9
fish -70513 2 1 9
fish -70630 2 1 9
fish -70729 2 1 9
fish -70855 2 1 9
fish -70963 2 1 9
fish -71071 2 1 9
fish -71188 2 1 9
fish -71305 2 1 9
fish -71989 2 1 9
fish -72088 2 1 9
fish -72196 2 1 9
fish -72313 2 1 9
fish -72430 2 1 9
fish -72547 2 1 9
fish -72655 2 1 9
fish -72754 3 1 9
fish -72880 3 1 9
fish -72979 2 1 9
fish -73591 2 1 9
fish -73681 2 1 9
fish -73789 2 1 9
fish -73897 2 1 9
fish -74005 2 1 9
fish -74122 2 1 9
fish -74230 2 1 9
fish -74356 3 1 9
fish -74464 2 1 9
fish -74554 2 1 9
fish -75175 2 1 9
fish -75283 2 1 9
fish -75400 2 1 9
fish -75508 2 1 9
fish -75625 2 1 9
fish -75733 2 1 9
fish -75841 2 1 9
fish -75958 2 1 9
fish -76066 2 1 9
fish -76192 2 1 9
fish -76615 2 1 9
fish -77497 2 1 9
fish -77596 2 1 9
fish -77704 2 1 9
fish -77848 2 1 9
fish -78028 2 1 9
fish -78487 2 1 9
fish -78613 2 1 9
fish -78757 2 1 9
fish -78892 2 1 9
fish -79765 2 1 9
fish -79891 2 1 9
fish -79999 2 1 9
fish -80260 2 1 9
fish -80530 2 1 9
fish -80764 2 1 9
fish -80998 2 1 9
fish -81259 2 1 9
fish -81529 2 1 9
fish -81754 2 1 9
fish -82024 2 1 9
fish -82384 2 1 9
fish -82501 2 1 9
fish -82636 2 1 9
fish -82771 2 1 9
fish -82915 2 1 9
fish -83707 2 1 9
fish -83842 2 1 9
fish -84049 2 1 9
fish -84301 2 1 9
fish -84562 2 1 9
fish -84814 2 1 9
fish -85084 3 1 9
fish -85273 2 1 9
fish -85516 1 1 9
fish -85705 2 1 9
fish -86038 2 1 9
fish -86416 3 1 9
fish -86524 3 1 9
fish -86614 3 1 9
fish -86830 2 1 9
fish -87109 1 1 9
fish -87766 1 1 9
fish -87892 1 1 9
fish -88018 1 1 9
fish -88126 1 1 9
fish -88351 1 1 9
fish -88594 2 1 9
fish -88864 2 1 9
fish -89134 2 1 9
fish -89359 2 1 9
fish -89602 2 1 9
fish -89890 2 1 9
fish -90133 2 1 9
fish -90493 2 1 9
fish -90610 2 1 9
fish -90718 2 1 9
fish -90853 2 1 9
fish -90952 2 1 9
fish -91249 2 1 9
fish -91915 2 1 9
fish -92032 2 1 9
fish -92176 2 1 9
fish -92428 2 1 9
fish -92689 2 1 9
fish -92941 2 1 9
fish -93184 2 1 9
fish -93436 2 1 9
fish -93688 2 1 9
fish -93940 2 1 9
fish -94192 2 1 9
fish -94435 2 1 9
fish -94687 2 1 9
fish -94930 1 1 9
fish -95182 2 1 9
fish -95389 3 1 9
fish -95524 2 1 9
fish -95650 1 1 9
fish -95758 2 1 9
fish -95866 2 1 9
fish -95974 1 1 9
fish -96091 1 1 9
fish -96199 2 1 9
fish -96325 1 1 9
fish -96442 2 1 9
fish -96568 1 1 9
fish -96685 2 1 9
fish -96802 1 1 9
fish -96928 1 1 9
fish -97054 2 1 9
fish -97162 1 1 9
fish -97270 2 1 9
fish -97378 2 1 9
fish -97783 2 1 9
fish -98026 2 1 9
fish -98287 2 1 9
fish -98503 2 1 9
fish -98737 2 1 9
fish -100357 2 1 9
fish -100591 2 1 9
fish -100699 2 1 9
fish -101212 2 1 9
fish -101707 2 1 9
fish -106225 2 1 9
fish -106423 2 1 9
fish -106594 2 1 9
fish -106792 2 1 9
fish -106900 2 1 9
fish -107017 2 1 9
fish -107224 2 1 9
fish -107323 2 1 9
fish -107422 2 1 9
fish -107575 1 1 9
fish -107782 2 1 9
fish -107953 2 1 9
fish -108079 2 1 9
fish -108187 2 1 9
fish -108313 1 1 9
fish -108466 2 1 9
fish -108682 2 1 9
fish -108808 2 1 9
fish -108925 2 1 9
fish -109024 2 1 9
fish -109204 3 1 9
fish -109348 2 1 9
fish -109618 2 1 9
fish -109717 2 1 9
fish -109834 2 1 9
fish -109933 2 1 9
fish -110221 3 1 9
fish -110401 2 1 9
fish -110545 2 1 9
fish -110671 2 1 9
fish -110779 2 1 9
fish -110905 2 1 9
fish -111013 2 1 9
fish -111139 3 1 9
fish -111274 2 1 9
fish -111409 3 1 9
fish -111553 2 1 9
fish -111679 2 1 9
fish -111814 2 1 9
fish -111940 2 1 9
fish -112066 2 1 9
fish -112174 2 1 9
fish -112291 2 1 9
fish -112408 2 1 9
fish -112525 2 1 9
fish -112768 2 1 9
fish -112966 2 1 9
fish -113074 2 1 9
fish -113290 2 1 9
fish -113398 2 1 9
fish -113506 2 1 9
fish -113704 2 1 9
fish -113830 2 1 9
fish -113938 2 1 9
fish -114154 2 1 9
fish -114316 2 1 9
fish -114577 2 1 9
fish -114766 2 1 9
fish -114883 2 1 9
fish -115000 2 1 9
fish -115117 2 1 9
fish -115324 2 1 9
fish -115441 2 1 9
fish -115549 2 1 9
fish -116089 1 1 9
fish -116206 1 1 9
fish -116341 2 1 9
fish -116458 1 1 9
fish -116602 2 1 9
fish -116719 2 1 9
fish -116854 2 1 9
fish -116989 2 1 9
fish -117097 2 1 9
fish -117385 3 1 9
fish -117502 3 1 9
fish -117619 2 1 9
fish -117772 3 1 9
fish -117907 2 1 9
fish -118033 3 1 9
fish -118186 3 1 9
fish -118330 3 1 9
fish -118483 3 1 9
fish -119023 3 1 9
fish -119131 3 1 9
fish -119239 3 1 9
fish -119347 3 1 9
fish -119473 3 1 9
fish -119590 3 1 9
fish -119689 3 1 9
fish -119842 3 1 9
fish -120139 2 1 9
fish -120247 2 1 9
fish -120355 2 1 9
fish -120472 2 1 9
fish -120598 2 1 9
fish -120706 2 1 9
fish -120850 1 1 9
fish -120985 2 1 9
fish -121102 2 1 9
fish -121219 1 1 9
fish -121408 1 1 9
fish -121615 2 1 9
fish -121885 2 1 9
fish -122092 2 1 9
fish -122290 2 1 9
fish -122407 2 1 9
fish -122515 2 1 9
fish -122632 2 1 9
fish -122740 2 1 9
fish -122857 2 1 9
fish -122965 2 1 9
fish -123082 2 1 9
fish -123469 2 1 9
fish -123712 2 1 9
fish -123937 3 1 9
fish -124054 2 1 9
fish -124162 2 1 9
fish -124279 3 1 9
fish -124414 3 1 9
fish -124531 2 1 9
fish -124666 3 1 9
fish -124828 2 1 9
fish -125296 2 1 9
fish -125404 2 1 9
fish -125512 2 1 9
fish -125629 2 1 9
fish -125746 1 1 9
fish -125926 2 1 9
fish -126223 1 1 9
fish -126322 1 1 9
fish -126448 2 1 9
fish -126547 2 1 9
fish -126745 3 1 9
fish -126925 3 1 9
fish -127141 3 1 9
fish -127258 3 1 9
fish -127366 3 1 9
fish -127492 3 1 9
fish -127591 3 1 9
fish -127717 3 1 9
fish -127825 3 1 9
fish -127942 3 1 9
fish -128167 2 1 9
fish -128383 2 1 9
fish -128599 2 1 9
fish -128842 1 1 9
fish -128968 2 1 9
fish -129094 2 1 9
fish -129211 2 1 9
fish -129346 1 1 9
fish -129481 2 1 9
fish -129940 2 1 9
fish -130183 2 1 9
fish -130426 3 1 9
fish -130525 3 1 9
fish -130633 3 1 9
fish -130750 3 1 9
fish -130840 3 1 9
fish -131011 2 1 9
fish -131137 3 1 9
fish -131272 2 1 9
fish -131389 3 1 9
fish -132019 3 1 9
fish -132163 2 1 9
fish -132280 1 1 9
fish -132424 2 1 9
fish -132550 2 1 9
fish -132667 3 1 9
fish -132820 3 1 9
fish -133018 3 1 9
fish -133675 2 1 9
fish -133774 2 1 9
fish -133882 2 1 9
fish -133981 2 1 9
fish -134188 1 1 9
fish -134341 2 1 9
fish -134476 1 1 9
fish -134611 2 1 9
fish -135268 2 1 9
fish -135367 2 1 9
fish -135475 2 1 9
fish -135583 2 1 9
fish -135691 2 1 9
fish -135808 2 1 9
fish -135916 2 1 9
fish -136033 2 1 9
fish -136141 2 1 9
fish -136249 2 1 9
fish -136564 3 1 9
fish -136771 2 1 9
fish -136960 2 1 9
fish -137383 2 1 9
744 0 257